0.0450789208474842	0.0429485721420096	0.0406464718892303	0.038291995945143	0.0361210484778522	0.0338484466467757	0.0315875509714636	0.0290237585186427	0.0266519101280216	0.0238259772314005	0.0211925633599556	0.0190553609892272	0.0169900282359215	0.0148558867804376	0.0128378915586994	0.0111411787633969	0.00941397624159853	0.00800910609522035	0.00668967142899728	0.00543003630584307	0.00385975087525508	0.0030266743721272	0.00205505249067525	0.00125550790481074	0.00111808244773832	0.00112593676852372	0.00147571376545127	0.00179836024644621	0.00228665309049517	0.00303539524342922	0.00416637487068774	0.00531079913001024	0.00663645741021547	0.00787159186487867	0.00955057121944744	0.0111603223458529	0.0128316094244415	0.0149346018537498	0.0168068788113074	0.0193805908808902	0.02151450644162	0.0237429522205575	0.0262720113778699	0.0286106053217131	0.030965129453324	0.0329914571208764	0.0355164673901489	0.0383504838900616	0.0405661587926527	0.0429164691688207
0.0429485721420096	0.0451908085968299	0.0428887122621738	0.0405342361203255	0.0383632767750798	0.0360906247871124	0.0338296510213138	0.0312658729555386	0.0288940599639551	0.0260682029948214	0.0234347966629783	0.0212182853974773	0.0190603073602296	0.0167539062676411	0.0146794679532967	0.0129827564310746	0.0111118235881832	0.00953149420749986	0.0081139307079427	0.00673369234676963	0.00504267903706833	0.00402157101425692	0.00284635219008532	0.00186821217192131	0.00150916781896689	0.00114402098245195	0.00116614486041443	0.00126458756630882	0.00165372635492271	0.00216510202916018	0.00305802359005225	0.00414212783726268	0.00529161337361145	0.0064896119111605	0.00808613530376352	0.00962925573362598	0.0112035696731573	0.0132089437875429	0.0149834556770457	0.0173890886134579	0.0193843232688808	0.0216127464413723	0.0241417657871295	0.0264804111732938	0.0288349489503463	0.0308612278871736	0.0333861969111218	0.0362201363958661	0.0384358255989847	0.0407861279040649
0.0406464718892303	0.0428887122621738	0.0451621153801668	0.0428076392890453	0.0406366829901717	0.0383640438660677	0.0361030901283267	0.0335393083726699	0.0311674863022092	0.0283416098597614	0.0257082015942229	0.0234916926079488	0.0212978261788244	0.0187798147086809	0.0166050874349288	0.0147195755673179	0.0128047504928752	0.0111029362875143	0.00956848016870793	0.00807104262318462	0.00625511080087139	0.00505408519192841	0.00371086556162632	0.00255272434939259	0.00193018481067859	0.00131591258925117	0.00107035005559496	0.000946968054516777	0.00114049503750945	0.00141666208484611	0.00206709850780974	0.00300828222448802	0.00390648638798875	0.00502566848120653	0.00658400622058125	0.00795133450397348	0.00946274154563365	0.0113443203424125	0.0129600232544427	0.0152890764743687	0.0171823062187717	0.0193911351872352	0.0218396647355079	0.0241782969281304	0.0265328312055044	0.0285590969931691	0.0310840765954061	0.0339180358324207	0.0361337213678511	0.038484025742941
0.038291995945143	0.0405342361203255	0.0428076392890453	0.0451635636663919	0.0429926072137598	0.0407199674403805	0.0384590126917639	0.0358952311223402	0.0335234095101194	0.030697534050554	0.0280641258826138	0.0258476167812999	0.023653749766097	0.0210620388113022	0.0187775109688098	0.0167438991028691	0.0147736736305669	0.0129952586509867	0.0113983021528106	0.00982786455822598	0.00790743365922309	0.00664780893114135	0.00520088933030883	0.00383704815686465	0.00299990835237061	0.00207583737996372	0.00160697413677727	0.00123949335720942	0.00123602091538208	0.00110268835600873	0.00159592401189229	0.00233390874377091	0.00291881193450147	0.00375659482917976	0.00522053183479309	0.00648905971102567	0.00785396708587721	0.0096129456334352	0.0111481489897338	0.0133203011698098	0.0151135311515741	0.0172613598212945	0.0195688888401068	0.0218238216902802	0.0241783561442975	0.0262046225956454	0.0287296016639613	0.0315635599040144	0.0337792456245655	0.0361295498951738
0.0361210484778522	0.0383632767750798	0.0406366829901717	0.0429926072137598	0.0452505419688069	0.0429778631980311	0.0407168477334309	0.0381530773500583	0.0357812832608772	0.0329554668355477	0.0303220645297063	0.0281055485188047	0.0259116463021669	0.0233199667432447	0.020976305394381	0.0187829945023007	0.0166935454543538	0.0148019844219489	0.0131522055079699	0.011504165397417	0.00941839056583908	0.00805681908618167	0.00656950187420053	0.00508546425404677	0.00401140975139097	0.00272651562290126	0.00206351108535126	0.00145530511478047	0.00125106838285687	0.000899861883236279	0.00122175239342537	0.00176419930166967	0.00223354593560471	0.0028526786362681	0.00405467211121731	0.00520437611393823	0.00649370437337109	0.00805996866924709	0.00955639918913996	0.0116233898450901	0.0132732346695742	0.0153579457562946	0.0175433438090832	0.0197184166480908	0.0220074617049979	0.024033768018628	0.026558715018371	0.0293926133785089	0.03160831021783	0.0339586082131106
0.0338484466467757	0.0360906247871124	0.0383640438660677	0.0407199674403805	0.0429778631980311	0.0456176202448731	0.0433563483958013	0.040792625247554	0.0384209473795076	0.0355953802371388	0.0329620026851031	0.0307454574971783	0.0285514066359803	0.0259598596519351	0.023616056841177	0.021307650117327	0.0190925015546492	0.0169789460812637	0.0151937725211867	0.0134493218096126	0.0112588837924477	0.00976723719414309	0.00809973006856302	0.00652050749407125	0.00532469101357967	0.0038757215086817	0.00297124265588443	0.00197865264333533	0.00154096676450656	0.000927970372827072	0.000945270288877072	0.00126787980889789	0.00160278765666869	0.00194093073653317	0.00284144047567379	0.00384564370370418	0.00507236017779618	0.0065802643688557	0.00796370959711134	0.009932740490685	0.0115230480458954	0.0134835848993794	0.015585752235665	0.0176425939568078	0.0198745838083268	0.0217620584339179	0.0242868700181891	0.02712051552432	0.0293362593147059	0.0316860308111941
0.0315875509714636	0.0338296510213138	0.0361030901283267	0.0384590126917639	0.0407168477334309	0.0433563483958013	0.0461884778848403	0.0436248282781092	0.0412533313575989	0.0384281523300179	0.0357948133177805	0.0335782227034302	0.0313839404138733	0.0287925998389112	0.0264485767826479	0.0241401765663354	0.0218314730769459	0.0195978148961699	0.017544093973478	0.0156565267576143	0.0133457574468954	0.0117065609773954	0.00987676956740775	0.0080941704123566	0.00677295744346541	0.00510149335631954	0.00407304313302425	0.00283144507823443	0.0022645940897293	0.00134886913829698	0.00124607234905722	0.00126329073949902	0.00147602682393288	0.00153429746410989	0.00207692115160191	0.00292016748759657	0.00384542128486186	0.00522223189323352	0.00656375572715597	0.00840988219325889	0.00992918741764924	0.0117890087048413	0.0137815725273872	0.015701177189966	0.0179153367904243	0.0196843734748061	0.0220263742091366	0.0248596260406498	0.0270754429303053	0.0294251731702464
0.0290237585186427	0.0312658729555386	0.0335393083726699	0.0358952311223402	0.0381530773500583	0.040792625247554	0.0436248282781092	0.0460833656246503	0.0437118353671758	0.0408865848350599	0.0382532387224241	0.0360366564772397	0.033842416825001	0.0312510382221534	0.0289070557429369	0.0265986543277071	0.0242899793795968	0.0219988769603179	0.0199255831801502	0.0179055189890719	0.0154345817312976	0.0136357207369526	0.011702526418262	0.00984252293703311	0.00843802773409295	0.00660557051084632	0.00548597027223736	0.00402948155527824	0.00318608726159884	0.00209163070133286	0.00180608855525896	0.00159813158910304	0.00159583614179353	0.00133344639650471	0.00167992275866236	0.00230929797538953	0.00282202642604286	0.00393295424666567	0.00509714515657429	0.0068503461210251	0.0083083333438435	0.0100554759093282	0.0119033772098471	0.0137076334152136	0.0157835801512886	0.0174445685421455	0.0197030081108008	0.0222958324471148	0.0245116358692845	0.0268613737101472
0.0266519101280216	0.0288940599639551	0.0311674863022092	0.0335234095101194	0.0357812832608772	0.0384209473795076	0.0412533313575989	0.0437118353671758	0.0458246235331678	0.0429991970655185	0.0403658334824855	0.0381492718294541	0.0359508370851215	0.0333593649153859	0.0310154822752199	0.0287070779100687	0.0263984731872491	0.0241075079822181	0.0220154809886575	0.0199164242647216	0.0173774198571013	0.0154363001256499	0.013403598665649	0.0114221845468382	0.00990303306571278	0.00796794671220513	0.00679946947750698	0.00522725772929594	0.00408055692176571	0.00284542261847237	0.00229541493939148	0.00188477259488725	0.00155764563285468	0.00115780737542078	0.00122451336288123	0.00151435965877612	0.00186432582979263	0.00272289604101934	0.00373090597003035	0.00536709024741882	0.00668573317886384	0.00837442812106381	0.010184721667263	0.0117928586533364	0.013681273752098	0.0153207433420846	0.0174664784711479	0.0200035812577264	0.0221397515354547	0.0244895080782434
0.0238259772314005	0.0260682029948214	0.0283416098597614	0.030697534050554	0.0329554668355477	0.0355953802371388	0.0384281523300179	0.0408865848350599	0.0429991970655185	0.0452690937429106	0.0426356926875708	0.0404191752027198	0.0382209654764973	0.0356292926149296	0.0332856241197646	0.0309772134273208	0.0286687593308743	0.0263780884370068	0.0242862046982188	0.0220902639978242	0.0194324010728415	0.0173538408825836	0.0151929241136915	0.0131119871943978	0.0115003295076332	0.00948635170623525	0.00825373830697347	0.00646384818158484	0.00522111896771204	0.00388991793379209	0.00309609870560995	0.00235245875284587	0.00181329322372949	0.00127153643755363	0.00121462050626214	0.00129591931199174	0.00138695190829537	0.00202511307531137	0.00272514931091478	0.00400402676600245	0.00524027471842719	0.00677568200076847	0.00844667339906691	0.009933954701396	0.0117204019712403	0.0132431167379105	0.0152107568410768	0.0175402423772253	0.0194779415605961	0.0216635382007541
0.0211925633599556	0.0234347966629783	0.0257082015942229	0.0280641258826138	0.0303220645297063	0.0329620026851031	0.0357948133177805	0.0382532387224241	0.0403658334824855	0.0426356926875708	0.0452138884323907	0.0429973753334418	0.040799187951516	0.0382074951612457	0.0358638479306842	0.0335543366098352	0.0312458974705887	0.0289552558018266	0.026863386288236	0.0246674471799422	0.0219088486452858	0.0196701546328145	0.017489636343062	0.0152396971437679	0.0135031487592159	0.011390222147923	0.0100786349402632	0.00820699730599991	0.00679764539566485	0.00534582779428332	0.00422763717926396	0.00318325771722609	0.0023600280521029	0.00164473962007379	0.00136635128133515	0.00120626520922652	0.00109818452421839	0.00145405469710538	0.00188867366146744	0.00292969013886862	0.00396762864086291	0.00536544706634482	0.00687755809685614	0.00826761400126119	0.00988805452010527	0.0113258439754842	0.013096804414682	0.0152709279443921	0.0171255200617502	0.019131320667233
0.0190553609892272	0.0212182853974773	0.0234916926079488	0.0258476167812999	0.0281055485188047	0.0307454574971783	0.0335782227034302	0.0360366564772397	0.0381492718294541	0.0404191752027198	0.0429973753334418	0.0452789575146888	0.0430807437957902	0.0404890744952555	0.0381454022003472	0.0358358916200671	0.0335274348509405	0.031236758734885	0.0291448724542164	0.0269489314693349	0.0241903748955155	0.0218122207160822	0.019508104204281	0.0172006676667262	0.0153082082874495	0.0130101391776435	0.0115555210746313	0.00960993942150502	0.00806581423011172	0.00657441613843154	0.00539109175265968	0.00416815880644549	0.00312368681323875	0.00224873564539342	0.00169971473046137	0.001344610786081	0.00101884571036455	0.00122490521988053	0.00138804448322454	0.00224561491909148	0.0031264645211166	0.00436256977991729	0.00571665763563596	0.00695734344988389	0.00841909189061956	0.00972801115723161	0.0114247475959753	0.0135165263165615	0.0152267267383125	0.0170953226350008
0.0169900282359215	0.0190603073602296	0.0212978261788244	0.023653749766097	0.0259116463021669	0.0285514066359803	0.0313839404138733	0.033842416825001	0.0359508370851215	0.0382209654764973	0.040799187951516	0.0430807437957902	0.0456102963739947	0.043018746743675	0.0406749467565706	0.038365439949182	0.0360568933632933	0.0337660417528824	0.0316740700510488	0.0294781195057335	0.0267197767046165	0.0243418255286608	0.0219319181271506	0.0195230951691893	0.0175330798461463	0.0150439037572304	0.0134898283184237	0.0114079318894722	0.00976094287813471	0.00817144419046412	0.00686764777816491	0.00550735188757551	0.00423066434022675	0.00312320307568013	0.00241691632101131	0.00182442140060217	0.00117883592652369	0.00111564116008419	0.00088408393696841	0.00155811988585179	0.00221702609566268	0.00328686434156662	0.0044494341929032	0.00565057245725764	0.00693756132003657	0.00816953252019355	0.00976844671484396	0.0117257971804605	0.0133167399711945	0.0151126119412216
0.0148558867804376	0.0167539062676411	0.0187798147086809	0.0210620388113022	0.0233199667432447	0.0259598596519351	0.0287925998389112	0.0312510382221534	0.0333593649153859	0.0356292926149296	0.0382074951612457	0.0404890744952555	0.043018746743675	0.0453147908692258	0.0429711047697594	0.0406615945973616	0.0383531281183099	0.0360624330298961	0.0339705375145036	0.0317745954960573	0.0290160620328072	0.0266379297996956	0.0242280142633503	0.0217779791806975	0.0197097137369228	0.0171182762777779	0.0155039411505952	0.0133289903110497	0.0115929798237471	0.0099228924616395	0.00849794945554503	0.00693254210420441	0.00558134677968423	0.00429791610359179	0.00323697721054803	0.0024178633870864	0.00157530686873082	0.00124636045998611	0.000785210855821005	0.00119225589867552	0.00146601156215125	0.00242200955010085	0.00335378460842839	0.00433728687847842	0.00549183966033429	0.00667617534056785	0.00825699855320058	0.0100844525725949	0.0114255575391548	0.0130992508304746
0.0128378915586994	0.0146794679532967	0.0166050874349288	0.0187775109688098	0.020976305394381	0.023616056841177	0.0264485767826479	0.0289070557429369	0.0310154822752199	0.0332856241197646	0.0358638479306842	0.0381454022003472	0.0406749467565706	0.0429711047697594	0.0456300976485959	0.043320591066783	0.0410120391110071	0.0387211770083115	0.0366292001993897	0.0344332490824838	0.0316749190622112	0.0292969800232389	0.0268870731670381	0.0244370510174463	0.0222678323323522	0.0195492737404967	0.0178191888780396	0.0155051094794018	0.0136890285935722	0.011832935822905	0.0103250291059521	0.00864374735694497	0.00719294690622498	0.00580299696857926	0.00448560023867017	0.00346579983775989	0.00237051907977181	0.00170732100994213	0.00104486993486707	0.0011110918047792	0.00116450133978024	0.00182973553971364	0.00256999829482983	0.00325304562215446	0.00409253685794349	0.00517411712718145	0.00663212399971206	0.00835446079593552	0.00967450609341017	0.0111619766025272
0.0111411787633969	0.0129827564310746	0.0147195755673179	0.0167438991028691	0.0187829945023007	0.021307650117327	0.0241401765663354	0.0265986543277071	0.0287070779100687	0.0309772134273208	0.0335543366098352	0.0358358916200671	0.038365439949182	0.0406615945973616	0.043320591066783	0.0456207848398418	0.0433122354096258	0.0410213782416547	0.0389294038347012	0.0367334529866294	0.0339751169552747	0.0315971722080387	0.0291872650953645	0.0267372425636429	0.0245680254513618	0.0217666586112254	0.0199512781640869	0.0175516907362898	0.0155966060070205	0.0136166104285407	0.0120324085408416	0.0101749201080529	0.00861872570731324	0.00706517041275737	0.00568357833923819	0.00455058048449838	0.00333429747518995	0.0024100009046799	0.00150854689389459	0.00133927533328746	0.00123038325967836	0.00158431931235196	0.00214448536708861	0.00265082838988271	0.00330141846966202	0.0041151944396797	0.00543360473536081	0.00694734792865492	0.00816469202414949	0.00957076319771619
0.00941397624159853	0.0111118235881832	0.0128047504928752	0.0147736736305669	0.0166935454543538	0.0190925015546492	0.0218314730769459	0.0242899793795968	0.0263984731872491	0.0286687593308743	0.0312458974705887	0.0335274348509405	0.0360568933632933	0.0383531281183099	0.0410120391110071	0.0433122354096258	0.0458424263402411	0.0435514516969453	0.0414594201093433	0.0392634628615483	0.0365052699289262	0.0341274610715437	0.0317175600643526	0.0292675466295557	0.0270982920752305	0.0242971213951117	0.0223646356228647	0.0197636391121653	0.0177116455385631	0.0155966164938627	0.0139742994564311	0.0119445696998584	0.0102469310092938	0.00859250284085063	0.00715739975993968	0.00596454101605446	0.00452981129138116	0.00334097838029792	0.00223269366686952	0.00160056510745658	0.00126861091946117	0.00133280209608018	0.00163038914563886	0.00191883419888322	0.00246935133873514	0.00302402899180271	0.00407315743731577	0.00549574783737511	0.00667342029854175	0.00796347544894718
0.00800910609522035	0.00953149420749986	0.0111029362875143	0.0129952586509867	0.0148019844219489	0.0169789460812637	0.0195978148961699	0.0219988769603179	0.0241075079822181	0.0263780884370068	0.0289552558018266	0.031236758734885	0.0337660417528824	0.0360624330298961	0.0387211770083115	0.0410213782416547	0.0435514516969453	0.0462751480182997	0.0441830047045744	0.041987034952267	0.0392291216224337	0.0368515782822952	0.0344416892046974	0.0319916935445097	0.029822365831607	0.0270215784315265	0.025088886885808	0.022355663437058	0.0200687479693458	0.0177945489364634	0.0160487069013224	0.0139370872100795	0.0121308666062158	0.0102699868304779	0.00873736685124605	0.00737828913020875	0.00580216354773675	0.00428405964901638	0.00299021035860079	0.00195927508739756	0.00152089495761955	0.00134129848246974	0.0014635311963832	0.00147937562378751	0.00193124564641454	0.0023554220171123	0.00307859055435872	0.00434068241115806	0.00545811029817099	0.00670813415934397
0.00668967142899728	0.0081139307079427	0.00956848016870793	0.0113983021528106	0.0131522055079699	0.0151937725211867	0.017544093973478	0.0199255831801502	0.0220154809886575	0.0242862046982188	0.026863386288236	0.0291448724542164	0.0316740700510488	0.0339705375145036	0.0366292001993897	0.0389294038347012	0.0414594201093433	0.0441830047045744	0.0464856074480741	0.044289631609239	0.0415318543749472	0.0391544402742659	0.0367445570033435	0.034294569994876	0.0321252066723282	0.0293246058322697	0.0273918141271427	0.0246587722712462	0.0222211434922269	0.0197982077349486	0.0179731561811663	0.0156923874000497	0.0138480295774929	0.0119261707098564	0.010267945148424	0.00878180951112179	0.00712943461870295	0.00550929617285969	0.00405831279237104	0.00288662823577254	0.00222748413663824	0.0018106449854844	0.00166770255916013	0.00148154402420456	0.00173193977196391	0.00200711285912119	0.0024295035474503	0.0034345500716253	0.00432280491696068	0.00542881353577096
0.00543003630584307	0.00673369234676963	0.00807104262318462	0.00982786455822598	0.011504165397417	0.0134493218096126	0.0156565267576143	0.0179055189890719	0.0199164242647216	0.0220902639978242	0.0246674471799422	0.0269489314693349	0.0294781195057335	0.0317745954960573	0.0344332490824838	0.0367334529866294	0.0392634628615483	0.041987034952267	0.044289631609239	0.046509155530759	0.0437513935284175	0.0413739938923599	0.0389641112713268	0.0365141252311704	0.0343447579231541	0.0315441779630986	0.0296113750480173	0.0268783535161985	0.0244407344411536	0.0218944057550793	0.0199517419329739	0.017530790029759	0.0156423168455512	0.0136812715068478	0.0119207341197125	0.0103391919922384	0.00854562275984167	0.0068020804362481	0.00523320442244092	0.00380360313344003	0.0029452630494465	0.0023471191064719	0.00202156825507676	0.00159672055907219	0.00155731915929194	0.00171750306123017	0.00182278500827836	0.00265521525228147	0.00334417309745741	0.00420757998767782
0.00385975087525508	0.00504267903706833	0.00625511080087139	0.00790743365922309	0.00941839056583908	0.0112588837924477	0.0133457574468954	0.0154345817312976	0.0173774198571013	0.0194324010728415	0.0219088486452858	0.0241903748955155	0.0267197767046165	0.0290160620328072	0.0316749190622112	0.0339751169552747	0.0365052699289262	0.0392291216224337	0.0415318543749472	0.0437513935284175	0.0459822914359939	0.0436045683687753	0.0411946712161081	0.0387446635243839	0.0365753853320997	0.0337743384919906	0.0318417862331407	0.029108310251952	0.026670474194407	0.0241239871192783	0.0221034973479479	0.0195976677303255	0.0176077379262145	0.0154590899721489	0.0135967167705527	0.0119706195465005	0.010007823422543	0.00816946752062693	0.00649492651253182	0.00502749878211036	0.00388656844529679	0.00312903122682329	0.00246726831936708	0.00182507770730771	0.0015423118537511	0.00142555365071529	0.00122463031446308	0.00172392416631252	0.00219191446687131	0.00285665944630602
0.0030266743721272	0.00402157101425692	0.00505408519192841	0.00664780893114135	0.00805681908618167	0.00976723719414309	0.0117065609773954	0.0136357207369526	0.0154363001256499	0.0173538408825836	0.0196701546328145	0.0218122207160822	0.0243418255286608	0.0266379297996956	0.0292969800232389	0.0315971722080387	0.0341274610715437	0.0368515782822952	0.0391544402742659	0.0413739938923599	0.0436045683687753	0.0454813385893775	0.0430714276371216	0.0406213993845799	0.0384522058186419	0.0356507156184895	0.0337184013885598	0.0309844938517876	0.0285464517426667	0.0259998142576419	0.0239795847386565	0.0212307964184971	0.0191688926984682	0.0169813573878159	0.0150572350663838	0.0133447754415582	0.0113248588288062	0.00937198499245834	0.00759678730195915	0.00609361431138102	0.00481409828139016	0.00382316240275609	0.00306367799334807	0.00225095670619573	0.00168722964086302	0.00138744153736403	0.00107980312698034	0.00139984228292418	0.00166876844263677	0.0021993495979149
0.00205505249067525	0.00284635219008532	0.00371086556162632	0.00520088933030883	0.00656950187420053	0.00809973006856302	0.00987676956740775	0.011702526418262	0.013403598665649	0.0151929241136915	0.017489636343062	0.019508104204281	0.0219319181271506	0.0242280142633503	0.0268870731670381	0.0291872650953645	0.0317175600643526	0.0344416892046974	0.0367445570033435	0.0389641112713268	0.0411946712161081	0.0430714276371216	0.0454588165445888	0.0430087873682572	0.0408395976045512	0.0380380874843971	0.036105783949017	0.0333718570226132	0.0309338056556722	0.0283870614127784	0.0263668435868323	0.0236180391513966	0.0214335500702661	0.0191324018375981	0.0170568907732581	0.0151891373155729	0.0130700152796423	0.010984145117685	0.0090586403729243	0.00747278331256785	0.00605036341874582	0.0049102320794036	0.00377355565256527	0.00265622397157263	0.00199449414747942	0.0014618956921795	0.00101966557746663	0.00108082022271201	0.0010667434731944	0.00144852623956255
0.00125550790481074	0.00186821217192131	0.00255272434939259	0.00383704815686465	0.00508546425404677	0.00652050749407125	0.0080941704123566	0.00984252293703311	0.0114221845468382	0.0131119871943978	0.0152396971437679	0.0172006676667262	0.0195230951691893	0.0217779791806975	0.0244370510174463	0.0267372425636429	0.0292675466295557	0.0319916935445097	0.034294569994876	0.0365141252311704	0.0387446635243839	0.0406213993845799	0.0430087873682572	0.0454252573021628	0.0432560732036255	0.040454533403476	0.0385222458025481	0.03578828998637	0.0333502248256442	0.0308034705138077	0.0287832701100242	0.026034441663463	0.0238499744119785	0.0213952069275999	0.0192420126506601	0.0172730683947881	0.0150545382833748	0.0128951736085763	0.0108846583671465	0.00927442505206325	0.00767539940491957	0.00631717482935773	0.00503371033775125	0.00359696318379619	0.00265632923597299	0.00185731536495158	0.00121209761020989	0.000965175341657513	0.000801294284689482	0.000912779446657973
0.00111808244773832	0.00150916781896689	0.00193018481067859	0.00299990835237061	0.00401140975139097	0.00532469101357967	0.00677295744346541	0.00843802773409295	0.00990303306571278	0.0115003295076332	0.0135031487592159	0.0153082082874495	0.0175330798461463	0.0197097137369228	0.0222678323323522	0.0245680254513618	0.0270982920752305	0.029822365831607	0.0321252066723282	0.0343447579231541	0.0365753853320997	0.0384522058186419	0.0408395976045512	0.0432560732036255	0.0455633662354495	0.0427619485953015	0.0408295954097201	0.03809575850105	0.0356577501141885	0.0331110372451343	0.0310907651334265	0.0283420355143151	0.026157478414136	0.02370279010472	0.0214209266876207	0.0194092445120633	0.0171088475894454	0.0148741602922444	0.0127029882030383	0.0109249571279068	0.009285255084116	0.00778790256581065	0.0064268888817795	0.00481440526399016	0.00363618815048905	0.00267263760297391	0.00177066886656677	0.00140785143905521	0.000977388022818803	0.000909063195496321
0.00112593676852372	0.00114402098245195	0.00131591258925117	0.00207583737996372	0.00272651562290126	0.0038757215086817	0.00510149335631954	0.00660557051084632	0.00796794671220513	0.00948635170623525	0.011390222147923	0.0130101391776435	0.0150439037572304	0.0171182762777779	0.0195492737404967	0.0217666586112254	0.0242971213951117	0.0270215784315265	0.0293246058322697	0.0315441779630986	0.0337743384919906	0.0356507156184895	0.0380380874843971	0.040454533403476	0.0427619485953015	0.0448392914430354	0.0429072818574856	0.0401728219887563	0.0377337161617785	0.0351867861727059	0.0331668897410387	0.030417642361874	0.0282335559817441	0.0257784528722875	0.0234969516152263	0.0214304680741879	0.0191097972295375	0.0167734284021729	0.0145346301462044	0.0127207111474818	0.0109626854118589	0.00940577920759743	0.00794722319381192	0.00623040660559133	0.00488110115498047	0.00374511875022191	0.00261051695055151	0.00208389798665986	0.00149064199414415	0.00119476938406709
0.00147571376545127	0.00116614486041443	0.00107035005559496	0.00160697413677727	0.00206351108535126	0.00297124265588443	0.00407304313302425	0.00548597027223736	0.00679946947750698	0.00825373830697347	0.0100786349402632	0.0115555210746313	0.0134898283184237	0.0155039411505952	0.0178191888780396	0.0199512781640869	0.0223646356228647	0.025088886885808	0.0273918141271427	0.0296113750480173	0.0318417862331407	0.0337184013885598	0.036105783949017	0.0385222458025481	0.0408295954097201	0.0429072818574856	0.0452281882269756	0.0424940628099251	0.0400551166710741	0.0375083032483085	0.0354882051234249	0.0327392357166865	0.0305548966187303	0.0281000162050449	0.0258183205133144	0.0237517303274154	0.0212735528403133	0.0189194204022235	0.0165837435562152	0.0147151496290751	0.0127424902726884	0.0111114055054599	0.00949291113373019	0.00763297328909676	0.00607821523474187	0.00483961097632127	0.00356716583871701	0.00279887922920809	0.00208807291808725	0.00164707224714709
0.00179836024644621	0.00126458756630882	0.000946968054516777	0.00123949335720942	0.00145530511478047	0.00197865264333533	0.00283144507823443	0.00402948155527824	0.00522725772929594	0.00646384818158484	0.00820699730599991	0.00960993942150502	0.0114079318894722	0.0133289903110497	0.0155051094794018	0.0175516907362898	0.0197636391121653	0.022355663437058	0.0246587722712462	0.0268783535161985	0.029108310251952	0.0309844938517876	0.0333718570226132	0.03578828998637	0.03809575850105	0.0401728219887563	0.0424940628099251	0.0445228314954751	0.0420835958359309	0.0395322710735374	0.0375125386262	0.0347630652447793	0.0325791843339492	0.0301239001642697	0.0278425569900671	0.0257738601551651	0.023295513378673	0.0208223962541503	0.0184079992617812	0.0164676037733298	0.0143996240203926	0.0126475816652988	0.0109698381069146	0.00898647615499682	0.00732733212172274	0.00598790484845983	0.00466061955756165	0.00361871812866194	0.00276512170767197	0.00216457186988705
0.00228665309049517	0.00165372635492271	0.00114049503750945	0.00123602091538208	0.00125106838285687	0.00154096676450656	0.0022645940897293	0.00318608726159884	0.00408055692176571	0.00522111896771204	0.00679764539566485	0.00806581423011172	0.00976094287813471	0.0115929798237471	0.0136890285935722	0.0155966060070205	0.0177116455385631	0.0200687479693458	0.0222211434922269	0.0244407344411536	0.026670474194407	0.0285464517426667	0.0309338056556722	0.0333502248256442	0.0356577501141885	0.0377337161617785	0.0400551166710741	0.0420835958359309	0.0441856223952749	0.0416341967263465	0.0396146388763095	0.0368649248659002	0.0346812627222164	0.0322257857742201	0.0299446109138905	0.027876006396942	0.0253975787911157	0.0229245167301804	0.0204721146261504	0.0184571571194267	0.016211719868461	0.0142937454989942	0.0124919216849809	0.0103875049778008	0.00868331989330262	0.0073070383937137	0.00596237717073716	0.00479330739770061	0.00365286793076666	0.00289024235531413
0.00303539524342922	0.00216510202916018	0.00141666208484611	0.00110268835600873	0.000899861883236279	0.000927970372827072	0.00134886913829698	0.00209163070133286	0.00284542261847237	0.00388991793379209	0.00534582779428332	0.00657441613843154	0.00817144419046412	0.0099228924616395	0.011832935822905	0.0136166104285407	0.0155966164938627	0.0177945489364634	0.0197982077349486	0.0218944057550793	0.0241239871192783	0.0259998142576419	0.0283870614127784	0.0308034705138077	0.0331110372451343	0.0351867861727059	0.0375083032483085	0.0395322710735374	0.0416341967263465	0.0439392978851182	0.0419198674845333	0.0391699778240261	0.0369864753721162	0.0345308577032052	0.0322498057056694	0.0301812685773487	0.0277027819691565	0.0252297601025661	0.022777281273746	0.0206085974747906	0.0182983182589017	0.0162774935182106	0.0144326571178351	0.0122346274446126	0.0104284123873504	0.00889411829524254	0.00738614762211529	0.00615854695256511	0.00491987607482706	0.00383736818980724
0.00416637487068774	0.00305802359005225	0.00206709850780974	0.00159592401189229	0.00122175239342537	0.000945270288877072	0.00124607234905722	0.00180608855525896	0.00229541493939148	0.00309609870560995	0.00422763717926396	0.00539109175265968	0.00686764777816491	0.00849794945554503	0.0103250291059521	0.0120324085408416	0.0139742994564311	0.0160487069013224	0.0179731561811663	0.0199517419329739	0.0221034973479479	0.0239795847386565	0.0263668435868323	0.0287832701100242	0.0310907651334265	0.0331668897410387	0.0354882051234249	0.0375125386262	0.0396146388763095	0.0419198674845333	0.0443654170062961	0.0416158312709296	0.0394320525063565	0.0369766783250658	0.0346954137395892	0.0326267600095769	0.0301483754924368	0.0276752840780802	0.0252229380051957	0.0230539536152478	0.0206605469912064	0.0185978363564815	0.016609548683606	0.0142721144439618	0.0123073512146838	0.0106757519029248	0.00907392451489232	0.00767683122063368	0.00630191466199094	0.00509067609921757
0.00531079913001024	0.00414212783726268	0.00300828222448802	0.00233390874377091	0.00176419930166967	0.00126787980889789	0.00126329073949902	0.00159813158910304	0.00188477259488725	0.00235245875284587	0.00318325771722609	0.00416815880644549	0.00550735188757551	0.00693254210420441	0.00864374735694497	0.0101749201080529	0.0119445696998584	0.0139370872100795	0.0156923874000497	0.017530790029759	0.0195976677303255	0.0212307964184971	0.0236180391513966	0.026034441663463	0.0283420355143151	0.030417642361874	0.0327392357166865	0.0347630652447793	0.0368649248659002	0.0391699778240261	0.0416158312709296	0.0437780271589173	0.0415946292068504	0.0391389194523308	0.036857947854329	0.0347894548240844	0.0323109296056522	0.0298379340416237	0.0273854050052826	0.0252168348880955	0.0228225282068449	0.0207599359450127	0.0186573567238271	0.0162029531078466	0.0140997184138419	0.012407050637414	0.0106732392068251	0.00917764917303441	0.00772555772563502	0.00637876141146676
0.00663645741021547	0.00529161337361145	0.00390648638798875	0.00291881193450147	0.00223354593560471	0.00160278765666869	0.00147602682393288	0.00159583614179353	0.00155764563285468	0.00181329322372949	0.0023600280521029	0.00312368681323875	0.00423066434022675	0.00558134677968423	0.00719294690622498	0.00861872570731324	0.0102469310092938	0.0121308666062158	0.0138480295774929	0.0156423168455512	0.0176077379262145	0.0191688926984682	0.0214335500702661	0.0238499744119785	0.026157478414136	0.0282335559817441	0.0305548966187303	0.0325791843339492	0.0346812627222164	0.0369864753721162	0.0394320525063565	0.0415946292068504	0.044312085530319	0.0418566808612231	0.0395754428945155	0.0375068037645384	0.0350284064642801	0.0325553237582044	0.0301029610625554	0.0279340143104887	0.0255397985958882	0.0234770987156913	0.0212399299574051	0.0186458712195364	0.0163664014672703	0.0144247777342674	0.0126334699488472	0.0109825132674808	0.00936668988158903	0.00783005512591557
0.00787159186487867	0.0064896119111605	0.00502566848120653	0.00375659482917976	0.0028526786362681	0.00194093073653317	0.00153429746410989	0.00133344639650471	0.00115780737542078	0.00127153643755363	0.00164473962007379	0.00224873564539342	0.00312320307568013	0.00429791610359179	0.00580299696857926	0.00706517041275737	0.00859250284085063	0.0102699868304779	0.0119261707098564	0.0136812715068478	0.0154590899721489	0.0169813573878159	0.0191324018375981	0.0213952069275999	0.02370279010472	0.0257784528722875	0.0281000162050449	0.0301239001642697	0.0322257857742201	0.0345308577032052	0.0369766783250658	0.0391389194523308	0.0418566808612231	0.0438415077939127	0.0415605045521671	0.0394919941657558	0.0370134841435904	0.0345404782273653	0.032087968951759	0.0299193540915767	0.0275250582168662	0.0254624531703281	0.0232254514209032	0.0205094768711476	0.0180929498627735	0.0160722110480605	0.0142250762805083	0.0124588426649633	0.0107645592807751	0.00914885837524669
0.00955057121944744	0.00808613530376352	0.00658400622058125	0.00522053183479309	0.00405467211121731	0.00284144047567379	0.00207692115160191	0.00167992275866236	0.00122451336288123	0.00121462050626214	0.00136635128133515	0.00169971473046137	0.00241691632101131	0.00323697721054803	0.00448560023867017	0.00568357833923819	0.00715739975993968	0.00873736685124605	0.010267945148424	0.0119207341197125	0.0135967167705527	0.0150572350663838	0.0170568907732581	0.0192420126506601	0.0214209266876207	0.0234969516152263	0.0258183205133144	0.0278425569900671	0.0299446109138905	0.0322498057056694	0.0346954137395892	0.036857947854329	0.0395754428945155	0.0415605045521671	0.0442523968704345	0.0421837740786018	0.0397053624734141	0.0372322895123216	0.0347799082150078	0.0326110035815274	0.0302167776942479	0.0281540898488683	0.0259169422847619	0.0232011561487676	0.0207465791146676	0.0185322280605529	0.0164936422078628	0.0145488264970943	0.0127662954814682	0.0109714649967161
0.0111603223458529	0.00962925573362598	0.00795133450397348	0.00648905971102567	0.00520437611393823	0.00384564370370418	0.00292016748759657	0.00230929797538953	0.00151435965877612	0.00129591931199174	0.00120626520922652	0.001344610786081	0.00182442140060217	0.0024178633870864	0.00346579983775989	0.00455058048449838	0.00596454101605446	0.00737828913020875	0.00878180951112179	0.0103391919922384	0.0119706195465005	0.0133447754415582	0.0151891373155729	0.0172730683947881	0.0194092445120633	0.0214304680741879	0.0237517303274154	0.0257738601551651	0.027876006396942	0.0301812685773487	0.0326267600095769	0.0347894548240844	0.0375068037645384	0.0394919941657558	0.0421837740786018	0.0444775900701228	0.0419992324453604	0.0395261227110353	0.0370738116081408	0.0349047480378172	0.0325105605377177	0.0304478272782624	0.0282105997367203	0.0254949169431922	0.0230403673214178	0.020642519243794	0.0185201505250131	0.016414380082418	0.0145708777890074	0.0126365310763135
0.0128316094244415	0.0112035696731573	0.00946274154563365	0.00785396708587721	0.00649370437337109	0.00507236017779618	0.00384542128486186	0.00282202642604286	0.00186432582979263	0.00138695190829537	0.00109818452421839	0.00101884571036455	0.00117883592652369	0.00157530686873082	0.00237051907977181	0.00333429747518995	0.00452981129138116	0.00580216354773675	0.00712943461870295	0.00854562275984167	0.010007823422543	0.0113248588288062	0.0130700152796423	0.0150545382833748	0.0171088475894454	0.0191097972295375	0.0212735528403133	0.023295513378673	0.0253975787911157	0.0277027819691565	0.0301483754924368	0.0323109296056522	0.0350284064642801	0.0370134841435904	0.0397053624734141	0.0419992324453604	0.0442804280338082	0.041807350496418	0.0393549779345401	0.037186053521961	0.034791832411825	0.032729138914835	0.0304908813977311	0.0277751081223107	0.0253205344995712	0.0229225962444207	0.0206979000617885	0.0185308650750081	0.016531837612865	0.0145355050901897
0.0149346018537498	0.0132089437875429	0.0113443203424125	0.0096129456334352	0.00805996866924709	0.0065802643688557	0.00522223189323352	0.00393295424666567	0.00272289604101934	0.00202511307531137	0.00145405469710538	0.00122490521988053	0.00111564116008419	0.00124636045998611	0.00170732100994213	0.0024100009046799	0.00334097838029792	0.00428405964901638	0.00550929617285969	0.0068020804362481	0.00816946752062693	0.00937198499245834	0.010984145117685	0.0128951736085763	0.0148741602922444	0.0167734284021729	0.0189194204022235	0.0208223962541503	0.0229245167301804	0.0252297601025661	0.0276752840780802	0.0298379340416237	0.0325553237582044	0.0345404782273653	0.0372322895123216	0.0395261227110353	0.041807350496418	0.0444147515334632	0.041962420839459	0.0397934016280732	0.0373992034141877	0.0353364828297089	0.0330981776095867	0.0303824659733983	0.0279279087008999	0.0255300318776304	0.0233052862740272	0.0210358589958962	0.018874948652734	0.0167197064432417
0.0168068788113074	0.0149834556770457	0.0129600232544427	0.0111481489897338	0.00955639918913996	0.00796370959711134	0.00656375572715597	0.00509714515657429	0.00373090597003035	0.00272514931091478	0.00188867366146744	0.00138804448322454	0.00088408393696841	0.000785210855821005	0.00104486993486707	0.00150854689389459	0.00223269366686952	0.00299021035860079	0.00405831279237104	0.00523320442244092	0.00649492651253182	0.00759678730195915	0.0090586403729243	0.0108846583671465	0.0127029882030383	0.0145346301462044	0.0165837435562152	0.0184079992617812	0.0204721146261504	0.022777281273746	0.0252229380051957	0.0273854050052826	0.0301029610625554	0.032087968951759	0.0347799082150078	0.0370738116081408	0.0393549779345401	0.041962420839459	0.0441583106909937	0.0419894724358841	0.0395952305165873	0.0375325616379388	0.0352943474754964	0.0325785181795496	0.0301239296969738	0.0277216356093056	0.025496984342697	0.0232277332149526	0.0209082901475468	0.0186740663904676
0.0193805908808902	0.0173890886134579	0.0152890764743687	0.0133203011698098	0.0116233898450901	0.009932740490685	0.00840988219325889	0.0068503461210251	0.00536709024741882	0.00400402676600245	0.00292969013886862	0.00224561491909148	0.00155811988585179	0.00119225589867552	0.0011110918047792	0.00133927533328746	0.00160056510745658	0.00195927508739756	0.00288662823577254	0.00380360313344003	0.00502749878211036	0.00609361431138102	0.00747278331256785	0.00927442505206325	0.0109249571279068	0.0127207111474818	0.0147151496290751	0.0164676037733298	0.0184571571194267	0.0206085974747906	0.0230539536152478	0.0252168348880955	0.0279340143104887	0.0299193540915767	0.0326110035815274	0.0349047480378172	0.037186053521961	0.0397934016280732	0.0419894724358841	0.0447387249445846	0.0423445819847524	0.0402817960317986	0.0380433756931236	0.0353278128068334	0.0328732949912961	0.0304712664171351	0.028246401549141	0.0259767515750462	0.0236573825672206	0.0213662170059095
0.02151450644162	0.0193843232688808	0.0171823062187717	0.0151135311515741	0.0132732346695742	0.0115230480458954	0.00992918741764924	0.0083083333438435	0.00668573317886384	0.00524027471842719	0.00396762864086291	0.0031264645211166	0.00221702609566268	0.00146601156215125	0.00116450133978024	0.00123038325967836	0.00126861091946117	0.00152089495761955	0.00222748413663824	0.0029452630494465	0.00388656844529679	0.00481409828139016	0.00605036341874582	0.00767539940491957	0.009285255084116	0.0109626854118589	0.0127424902726884	0.0143996240203926	0.016211719868461	0.0182983182589017	0.0206605469912064	0.0228225282068449	0.0255397985958882	0.0275250582168662	0.0302167776942479	0.0325105605377177	0.034791832411825	0.0373992034141877	0.0395952305165873	0.0423445819847524	0.044598615588572	0.042535857911962	0.0402974873699551	0.0375818601391335	0.0351273252557626	0.032725232553516	0.0305004192755417	0.0282308656327133	0.0259114787376691	0.0236203232717405
